1 0 3787
2 3787 6242
3 6242 8322
4 8322 10872
5 10872 14348
6 14348 16850
7 16850 19407
8 19407 39713
9 39713 48150
10 48150 52561
11 52561 57076
12 57076 61260
13 61260 62834
14 62834 67360
15 67360 68764
16 68764 69986
17 69986 71506
18 71506 78974
19 78974 81194
20 81194 99261
21 99261 108181
22 108181 113898
23 113898 117963
24 117963 121565
25 121565 123659
26 123659 140073
27 140073 144574
28 144574 145768
29 145768 147736
30 147736 149130
31 149130 157347
32 157347 162560
33 162560 169445
34 169445 171415
35 171415 179661
36 179661 187264
37 187264 195811
38 195811 200830
39 200830 207616
40 207616 222749
41 222749 230332
42 230332 235455
43 235455 236866
44 236866 238478
45 238478 240672
46 240672 242060
47 242060 242919
48 242919 249332
49 249332 251506
50 251506 259845
51 259845 264110
52 264110 266028
53 266028 271307
54 271307 276818
55 276818 285976
56 285976 290710
57 290710 300277
58 300277 304091
59 304091 305206
60 305206 306606
61 306606 315727
62 315727 316065
63 316065 317835
64 317835 318645
65 318645 320142
66 320142 332737
67 332737 340812
68 340812 344932
69 344932 349974
70 349974 354479
71 354479 363461
72 363461 365720
73 365720 371126
74 371126 374093
75 374093 377245
76 377245 378968
77 378968 387101
78 387101 390832
79 390832 405045
80 405045 408369
81 408369 412287
82 412287 416641
83 416641 428275
84 428275 429246
85 429246 437291
86 437291 443598
87 443598 444421
88 444421 450144
89 450144 465885
90 465885 466842
91 466842 472948
92 472948 473666
93 473666 478968
94 478968 487071
95 487071 488553
96 488553 492957
97 492957 493699
98 493699 502653
99 502653 504054
100 504054 506036
101 506036 507624
102 507624 510211
103 510211 512245
104 512245 516024
105 516024 516993
106 516993 518227
107 518227 520180
108 520180 521645
109 521645 525483
110 525483 531228
111 531228 533495
112 533495 536424
113 536424 537955
114 537955 543732
115 543732 546417
116 546417 547731
117 547731 549023
118 549023 550384
119 550384 558366
120 558366 560105
121 560105 562962
122 562962 564231
123 564231 565688
124 565688 570839
125 570839 573907
126 573907 575230
127 575230 578045
128 578045 579515
129 579515 580471
130 580471 583273
131 583273 584794
132 584794 585728
133 585728 588755
134 588755 590004
135 590004 598810
136 598810 601445
137 601445 603096
138 603096 605357
139 605357 607374
140 607374 613654
141 613654 615759
142 615759 617352
143 617352 620526
144 620526 624612
145 624612 627322
146 627322 630231
147 630231 631294
148 631294 632739
149 632739 638271
150 638271 639944
151 639944 643589
152 643589 645696
153 645696 651531
154 651531 658338
155 658338 659585
156 659585 661131
157 661131 661514
158 661514 663739
159 663739 665507
160 665507 668479
161 668479 669725
162 669725 671711
163 671711 672659
164 672659 674553
165 674553 677546
166 677546 684458
167 684458 687145
168 687145 688734
169 688734 690528
170 690528 692259
171 692259 693245
172 693245 702230
173 702230 707866
174 707866 713560
175 713560 719071
176 719071 725839
177 725839 727938
178 727938 747420
179 747420 755126
180 755126 756971
181 756971 758234
182 758234 761295
183 761295 763178
184 763178 765896
185 765896 770096
186 770096 771534
187 771534 772154
188 772154 778751
189 778751 781192
190 781192 783046
191 783046 786418
192 786418 788332
193 788332 802116
194 802116 802683
195 802683 804348
196 804348 807404
197 807404 809797
198 809797 812654
199 812654 831053
200 831053 833054
201 833054 836220
202 836220 838703
203 838703 846522
204 846522 849218
205 849218 851265
206 851265 857515
207 857515 861793
208 861793 866191
209 866191 870058
210 870058 876978
211 876978 880615
212 880615 883932
213 883932 888589
214 888589 893888
215 893888 898364
216 898364 901816
217 901816 905970
218 905970 907142
219 907142 915122
220 915122 919726
221 919726 924148
222 924148 928555
223 928555 932674
224 932674 938271
225 938271 946102
226 946102 948481
227 948481 950641
228 950641 953624
229 953624 956601
230 956601 961248
231 961248 966710
232 966710 969911
233 969911 974032
234 974032 979525
235 979525 984240
236 984240 989391
237 989391 991914
238 991914 994675
239 994675 997676
240 997676 1005971
241 1005971 1007232
242 1007232 1008035
243 1008035 1008271
244 1008271 1012452
245 1012452 1015829
246 1015829 1017406
247 1017406 1027388
248 1027388 1030489
249 1030489 1039277
250 1039277 1043273
251 1043273 1048551
252 1048551 1053516
253 1053516 1062133
254 1062133 1066963
255 1066963 1070916
256 1070916 1071470
257 1071470 1076189
258 1076189 1080616
259 1080616 1084463
260 1084463 1090321
261 1090321 1097571
262 1097571 1104073
263 1104073 1106679
264 1106679 1110072
265 1110072 1111072
266 1111072 1134016
267 1134016 1152630
268 1152630 1155246
269 1155246 1163756
270 1163756 1165435
271 1165435 1167862
272 1167862 1175031
273 1175031 1178403
274 1178403 1189450
275 1189450 1192358
276 1192358 1195902
277 1195902 1199157
278 1199157 1204026
279 1204026 1211324
280 1211324 1218260
281 1218260 1224485
282 1224485 1225592
283 1225592 1228410
284 1228410 1231889
285 1231889 1232968
286 1232968 1235438
287 1235438 1237024
288 1237024 1243401
289 1243401 1257059
290 1257059 1259189
291 1259189 1272175
292 1272175 1278678
293 1278678 1281589
294 1281589 1286654
295 1286654 1288650
296 1288650 1297728
297 1297728 1304325
298 1304325 1306838
299 1306838 1313317
300 1313317 1316484
301 1316484 1321684
302 1321684 1327275
303 1327275 1332000
304 1332000 1337562
305 1337562 1339466
306 1339466 1343374
307 1343374 1349480
308 1349480 1351969
309 1351969 1356430
310 1356430 1357428
311 1357428 1358243
312 1358243 1362442
313 1362442 1365138
314 1365138 1368123
315 1368123 1369402
316 1369402 1371374
317 1371374 1373719
318 1373719 1376482
319 1376482 1378813
320 1378813 1380131
321 1380131 1384857
322 1384857 1389464
323 1389464 1393068
324 1393068 1396225
325 1396225 1400356
326 1400356 1404886
327 1404886 1407686
328 1407686 1411534
329 1411534 1413869
330 1413869 1415635
331 1415635 1417959
332 1417959 1438484
333 1438484 1441821
334 1441821 1445930
335 1445930 1447874
336 1447874 1456633
337 1456633 1459336
338 1459336 1464678
339 1464678 1470052
340 1470052 1473766
341 1473766 1477961
342 1477961 1483918
343 1483918 1486972
344 1486972 1488735
345 1488735 1491381
346 1491381 1496438
347 1496438 1501252
348 1501252 1504589
349 1504589 1510034
350 1510034 1515550
351 1515550 1519853
352 1519853 1522416
353 1522416 1526853
354 1526853 1534278
355 1534278 1534488
356 1534488 1539244
357 1539244 1539439
358 1539439 1540366
359 1540366 1541184
360 1541184 1543443
361 1543443 1544405
362 1544405 1556567
363 1556567 1561027
364 1561027 1562933
365 1562933 1569846
366 1569846 1579852
367 1579852 1580993
368 1580993 1584398
369 1584398 1585825
370 1585825 1591216
371 1591216 1595907
372 1595907 1601473
373 1601473 1604954
374 1604954 1606714
375 1606714 1607520
376 1607520 1610124
377 1610124 1615318
378 1615318 1616657
379 1616657 1619970
380 1619970 1623314
381 1623314 1625220
382 1625220 1628521
383 1628521 1633658
384 1633658 1635814
385 1635814 1641670
386 1641670 1643996
387 1643996 1648237
388 1648237 1653179
389 1653179 1653995
390 1653995 1655125
391 1655125 1658098
392 1658098 1662543
393 1662543 1672256
394 1672256 1674481
395 1674481 1677681
396 1677681 1679816
397 1679816 1682132
398 1682132 1709209
399 1709209 1711138
400 1711138 1712947
401 1712947 1718356
402 1718356 1723855
403 1723855 1726391
404 1726391 1729838
405 1729838 1734649
406 1734649 1738411
407 1738411 1741826
408 1741826 1757349
409 1757349 1761528
410 1761528 1765160
411 1765160 1775352
412 1775352 1777069
413 1777069 1778607
414 1778607 1784510
415 1784510 1795505
416 1795505 1800794
417 1800794 1804685
418 1804685 1806919
419 1806919 1808264
420 1808264 1808967
421 1808967 1810536
422 1810536 1815224
423 1815224 1817998
424 1817998 1819988
425 1819988 1828818
426 1828818 1835128
427 1835128 1840358
428 1840358 1842369
429 1842369 1848882
430 1848882 1851889
431 1851889 1854866
432 1854866 1862415
433 1862415 1864150
434 1864150 1866305
435 1866305 1868935
436 1868935 1870672
437 1870672 1872311
438 1872311 1883267
439 1883267 1890920
440 1890920 1894339
441 1894339 1897415
442 1897415 1899353
443 1899353 1904966
444 1904966 1913190
445 1913190 1916436
446 1916436 1917052
447 1917052 1920747
448 1920747 1925909
449 1925909 1932857
450 1932857 1933817
451 1933817 1936219
452 1936219 1940626
453 1940626 1944217
454 1944217 1947161
455 1947161 1952826
456 1952826 1957953
457 1957953 1965346
458 1965346 1966509
459 1966509 1970487
460 1970487 1971873
461 1971873 1979259
462 1979259 1982591
463 1982591 1987012
464 1987012 1991927
465 1991927 1994311
466 1994311 2000429
467 2000429 2002747
468 2002747 2004494
469 2004494 2019845
470 2019845 2025277
471 2025277 2026687
472 2026687 2032422
473 2032422 2033854
474 2033854 2040457
475 2040457 2045105
476 2045105 2054912
477 2054912 2056682
478 2056682 2060198
479 2060198 2069834
480 2069834 2073782
481 2073782 2081717
482 2081717 2095535
483 2095535 2099371
484 2099371 2113501
485 2113501 2123705
486 2123705 2131629
487 2131629 2141157
488 2141157 2153667
489 2153667 2170286
490 2170286 2179830
491 2179830 2194206
492 2194206 2207420
493 2207420 2215962
494 2215962 2237313
495 2237313 2250756
496 2250756 2295919
497 2295919 2319082
498 2319082 2341281
499 2341281 2350292
500 2350292 2350793
501 2350793 2353985
502 2353985 2356125
503 2356125 2366348
504 2366348 2367504
505 2367504 2368876
506 2368876 2374087
507 2374087 2376649
508 2376649 2383333
509 2383333 2391188
510 2391188 2392635
511 2392635 2394436
512 2394436 2396711
513 2396711 2400154
514 2400154 2402141
515 2402141 2404272
516 2404272 2410350
517 2410350 2412455
518 2412455 2413941
519 2413941 2415077
520 2415077 2418284
521 2418284 2424628
522 2424628 2426641
523 2426641 2429062
524 2429062 2431700
525 2431700 2434342
526 2434342 2437974
527 2437974 2439416
528 2439416 2447941
529 2447941 2451880
530 2451880 2462355
531 2462355 2469587
532 2469587 2472976
533 2472976 2479501
534 2479501 2483903
535 2483903 2488594
536 2488594 2491617
537 2491617 2492967
538 2492967 2496070
539 2496070 2498056
540 2498056 2499755
541 2499755 2501500
542 2501500 2504883
543 2504883 2506977
544 2506977 2509136
545 2509136 2510149
546 2510149 2512072
547 2512072 2516059
548 2516059 2518287
549 2518287 2523715
550 2523715 2525489
551 2525489 2527415
552 2527415 2529989
553 2529989 2532213
554 2532213 2534622
555 2534622 2536838
556 2536838 2538661
557 2538661 2541074
558 2541074 2546058
559 2546058 2559763
560 2559763 2560769
561 2560769 2575304
562 2575304 2577188
563 2577188 2578823
564 2578823 2579948
565 2579948 2581495
566 2581495 2583289
567 2583289 2589397
568 2589397 2592415
569 2592415 2595523
570 2595523 2597939
571 2597939 2599923
572 2599923 2602803
573 2602803 2608236
574 2608236 2623658
575 2623658 2630927
576 2630927 2634312
577 2634312 2637576
578 2637576 2640146
579 2640146 2643136
580 2643136 2644508
581 2644508 2646835
582 2646835 2652138
583 2652138 2653779
584 2653779 2655105
585 2655105 2656839
586 2656839 2658859
587 2658859 2660953
588 2660953 2663586
589 2663586 2665644
590 2665644 2667169
591 2667169 2668688
592 2668688 2670112
593 2670112 2672632
594 2672632 2680738
595 2680738 2692308
596 2692308 2694376
597 2694376 2698004
598 2698004 2703194
599 2703194 2708549
600 2708549 2713732
601 2713732 2720093
602 2720093 2721147
603 2721147 2728366
604 2728366 2731330
605 2731330 2740886
606 2740886 2745126
607 2745126 2751571
608 2751571 2754477
609 2754477 2756092
610 2756092 2759034
611 2759034 2762456
612 2762456 2764249
613 2764249 2769824
614 2769824 2778917
615 2778917 2779125
616 2779125 2781439
617 2781439 2789880
618 2789880 2796699
619 2796699 2803180
620 2803180 2806890
621 2806890 2810293
622 2810293 2813202
623 2813202 2816637
624 2816637 2817128
625 2817128 2819317
626 2819317 2823264
627 2823264 2826900
628 2826900 2829831
629 2829831 2833431
630 2833431 2836148
631 2836148 2842730
632 2842730 2852173
633 2852173 2860633
634 2860633 2871180
635 2871180 2880894
636 2880894 2891190
637 2891190 2899168
638 2899168 2904662
639 2904662 2910926
640 2910926 2918439
641 2918439 2922010
642 2922010 2926020
643 2926020 2928411
644 2928411 2929989
645 2929989 2931672
646 2931672 2934844
647 2934844 2938378
648 2938378 2945998
649 2945998 2952360
650 2952360 2958317
651 2958317 2961910
652 2961910 2966524
653 2966524 2970028
654 2970028 2981652
655 2981652 2986824
656 2986824 2993485
657 2993485 2998311
658 2998311 2999402
659 2999402 3003589
660 3003589 3007267
661 3007267 3010730
662 3010730 3015062
663 3015062 3019987
664 3019987 3024565
665 3024565 3032571
666 3032571 3034837
667 3034837 3040395
668 3040395 3044793
669 3044793 3051345
670 3051345 3056155
671 3056155 3058343
672 3058343 3060507
673 3060507 3062021
674 3062021 3065355
675 3065355 3069971
676 3069971 3074126
677 3074126 3080382
678 3080382 3088980
679 3088980 3090854
680 3090854 3096655
681 3096655 3103950
682 3103950 3105256
683 3105256 3108697
684 3108697 3112825
685 3112825 3114472
686 3114472 3121787
687 3121787 3124562
688 3124562 3134722
689 3134722 3139035
690 3139035 3144860
691 3144860 3145695
692 3145695 3149472
693 3149472 3151468
694 3151468 3156606
695 3156606 3166429
696 3166429 3168113
697 3168113 3168886
698 3168886 3169644
699 3169644 3172596
700 3172596 3174498
701 3174498 3176841
702 3176841 3180055
703 3180055 3182979
704 3182979 3185966
705 3185966 3189005
706 3189005 3191474
707 3191474 3193974
708 3193974 3196543
709 3196543 3197428
710 3197428 3199055
711 3199055 3204916
712 3204916 3207525
713 3207525 3208844
714 3208844 3210920
715 3210920 3212531
716 3212531 3215460
717 3215460 3221294
718 3221294 3222520
719 3222520 3225373
720 3225373 3227248
721 3227248 3228516
722 3228516 3229668
723 3229668 3231477
724 3231477 3237500
725 3237500 3239333
726 3239333 3242804
727 3242804 3244430
728 3244430 3245074
729 3245074 3247809
730 3247809 3248739
731 3248739 3254531
732 3254531 3259773
733 3259773 3261417
734 3261417 3262212
735 3262212 3263036
736 3263036 3265552
737 3265552 3271383
738 3271383 3275153
739 3275153 3278899
740 3278899 3282603
741 3282603 3286402
742 3286402 3290255
743 3290255 3294136
744 3294136 3298221
745 3298221 3302123
746 3302123 3305950
747 3305950 3309801
748 3309801 3313670
749 3313670 3317458
750 3317458 3321285
751 3321285 3325130
752 3325130 3328971
753 3328971 3332859
754 3332859 3336586
755 3336586 3337246
756 3337246 3343097
757 3343097 3343813
758 3343813 3346649
759 3346649 3349548
760 3349548 3350672
761 3350672 3351979
762 3351979 3359591
763 3359591 3361107
764 3361107 3363435
765 3363435 3365563
766 3365563 3367052
767 3367052 3368067
768 3368067 3369801
769 3369801 3372455
770 3372455 3374396
771 3374396 3391468
772 3391468 3393046
773 3393046 3397925
774 3397925 3400065
775 3400065 3402916
776 3402916 3409227
777 3409227 3409792
778 3409792 3413857
779 3413857 3415930
780 3415930 3417174
781 3417174 3421864
782 3421864 3422749
783 3422749 3424898
784 3424898 3426825
785 3426825 3431039
786 3431039 3435766
787 3435766 3445035
788 3445035 3449197
789 3449197 3451935
790 3451935 3452811
791 3452811 3453652
792 3453652 3454592
793 3454592 3455676
794 3455676 3457705
795 3457705 3460854
796 3460854 3467206
797 3467206 3468222
798 3468222 3469192
799 3469192 3470372
800 3470372 3476717
801 3476717 3479594
802 3479594 3484705
803 3484705 3493807
804 3493807 3501194
805 3501194 3506717
806 3506717 3508259
807 3508259 3508933
808 3508933 3512250
809 3512250 3515162
810 3515162 3517412
811 3517412 3523159
812 3523159 3527604
813 3527604 3528329
814 3528329 3530915
815 3530915 3533465
816 3533465 3537859
817 3537859 3540818
818 3540818 3546282
819 3546282 3552180
820 3552180 3556677
821 3556677 3559471
822 3559471 3561571
823 3561571 3562673
824 3562673 3563513
825 3563513 3566184
826 3566184 3571999
827 3571999 3573839
828 3573839 3575606
829 3575606 3576845
830 3576845 3579104
831 3579104 3581568
832 3581568 3582994
833 3582994 3583609
834 3583609 3588645
835 3588645 3594799
836 3594799 3606455
837 3606455 3607705
838 3607705 3610080
839 3610080 3612295
840 3612295 3615148
841 3615148 3620367
842 3620367 3622840
843 3622840 3625895
844 3625895 3646007
845 3646007 3648888
846 3648888 3650533
847 3650533 3652329
848 3652329 3653822
849 3653822 3661205
850 3661205 3665840
851 3665840 3678463
852 3678463 3680908
853 3680908 3682763
854 3682763 3684241
855 3684241 3687382
856 3687382 3688793
857 3688793 3692706
858 3692706 3694075
859 3694075 3696493
860 3696493 3698485
861 3698485 3701983
862 3701983 3702215
863 3702215 3703218
864 3703218 3710570
865 3710570 3715812
866 3715812 3722414
867 3722414 3726880
868 3726880 3730611
869 3730611 3733393
870 3733393 3764348
871 3764348 3768342
872 3768342 3773661
873 3773661 3776538
874 3776538 3778535
875 3778535 3783310
876 3783310 3784568
877 3784568 3787162
878 3787162 3791514
879 3791514 3797010
880 3797010 3800062
881 3800062 3802846
882 3802846 3806623
883 3806623 3808782
884 3808782 3812825
885 3812825 3825999
886 3825999 3828549
887 3828549 3830503
888 3830503 3834161
889 3834161 3838062
890 3838062 3841973
891 3841973 3843905
892 3843905 3849379
893 3849379 3856291
894 3856291 3858835
895 3858835 3863453
896 3863453 3870465
897 3870465 3872004
898 3872004 3874524
899 3874524 3877233
900 3877233 3878083
901 3878083 3883480
902 3883480 3883785
903 3883785 3884659
904 3884659 3888272
905 3888272 3894234
906 3894234 3895508
907 3895508 3896929
908 3896929 3900652
909 3900652 3903075
910 3903075 3905314
911 3905314 3909411
912 3909411 3912385
913 3912385 3913561
914 3913561 3915381
915 3915381 3917420
916 3917420 3920583
917 3920583 3927763
918 3927763 3936412
919 3936412 3940415
920 3940415 3944449
921 3944449 3949113
922 3949113 3953053
923 3953053 3957720
924 3957720 3958914
925 3958914 3963167
926 3963167 3965912
927 3965912 3967665
928 3967665 3971742
929 3971742 3975655
930 3975655 3978582
931 3978582 3979909
932 3979909 3983112
933 3983112 3990840
934 3990840 4009951
935 4009951 4012185
936 4012185 4016007
937 4016007 4017691
938 4017691 4021981
939 4021981 4030872
940 4030872 4034053
941 4034053 4037835
942 4037835 4038057
943 4038057 4046805
944 4046805 4052610
945 4052610 4054814
946 4054814 4059826
947 4059826 4061077
948 4061077 4064978
949 4064978 4071380
950 4071380 4073082
951 4073082 4076559
952 4076559 4079402
953 4079402 4085732
954 4085732 4087576
955 4087576 4094368
956 4094368 4098079
957 4098079 4108551
958 4108551 4115569
959 4115569 4120169
960 4120169 4123731
961 4123731 4130221
962 4130221 4139897
963 4139897 4141527
964 4141527 4144342
965 4144342 4148939
966 4148939 4157690
967 4157690 4159313
968 4159313 4164166
969 4164166 4169328
970 4169328 4177183
971 4177183 4188221
972 4188221 4190084
973 4190084 4197382
974 4197382 4201101
975 4201101 4201610
976 4201610 4204135
977 4204135 4208045
978 4208045 4208825
979 4208825 4209727
980 4209727 4215430
981 4215430 4216945
982 4216945 4219114
983 4219114 4221763
984 4221763 4225460
985 4225460 4228761
986 4228761 4230878
987 4230878 4235735
988 4235735 4245908
989 4245908 4246526
990 4246526 4249721
991 4249721 4253205
992 4253205 4256999
993 4256999 4266886
994 4266886 4268548
995 4268548 4271702
996 4271702 4275401
997 4275401 4277414
998 4277414 4281839
999 4281839 4283234
1000 4283234 4292719
1001 4292719 4297327
1002 4297327 4299940
1003 4299940 4303547
1004 4303547 4305382
1005 4305382 4306897
1006 4306897 4308434
1007 4308434 4313182
1008 4313182 4316105
1009 4316105 4324696
1010 4324696 4332503
1011 4332503 4337841
1012 4337841 4340914
1013 4340914 4348070
1014 4348070 4349296
1015 4349296 4352129
1016 4352129 4354749
1017 4354749 4356729
1018 4356729 4359078
1019 4359078 4359634
1020 4359634 4365547
1021 4365547 4366096
1022 4366096 4368201
1023 4368201 4374858
1024 4374858 4380770
1025 4380770 4383320
1026 4383320 4386424
1027 4386424 4395395
1028 4395395 4399041
1029 4399041 4402964
1030 4402964 4406034
1031 4406034 4415020
1032 4415020 4419090
1033 4419090 4422513
1034 4422513 4426181
1035 4426181 4427678
1036 4427678 4432190
1037 4432190 4433242
1038 4433242 4435048
1039 4435048 4440674
1040 4440674 4442799
1041 4442799 4444625
1042 4444625 4460509
1043 4460509 4466472
1044 4466472 4468756
1045 4468756 4471404
1046 4471404 4476837
1047 4476837 4480789
1048 4480789 4494590
1049 4494590 4498446
1050 4498446 4500325
1051 4500325 4503994
1052 4503994 4510618
1053 4510618 4513609
1054 4513609 4514204
1055 4514204 4518924
1056 4518924 4523510
1057 4523510 4526250
1058 4526250 4531023
1059 4531023 4533211
1060 4533211 4533981
1061 4533981 4534177
1062 4534177 4534401
1063 4534401 4534597
1064 4534597 4535272
1065 4535272 4535965
1066 4535965 4536640
1067 4536640 4536849
1068 4536849 4537099
1069 4537099 4537777
1070 4537777 4538465
1071 4538465 4539123
1072 4539123 4539776
1073 4539776 4540432
1074 4540432 4541088
1075 4541088 4541744
1076 4541744 4542397
1077 4542397 4543044
1078 4543044 4543702
1079 4543702 4544364
1080 4544364 4544575
1081 4544575 4545249
1082 4545249 4545906
1083 4545906 4546556
1084 4546556 4546795
1085 4546795 4547498
1086 4547498 4547738
1087 4547738 4548127
1088 4548127 4548338
1089 4548338 4549029
1090 4549029 4549621
1091 4549621 4550323
1092 4550323 4551010
1093 4551010 4551670
1094 4551670 4552343
1095 4552343 4553020
1096 4553020 4553676
1097 4553676 4554330
1098 4554330 4555005
1099 4555005 4555701
1100 4555701 4556354
1101 4556354 4557003
1102 4557003 4557243
1103 4557243 4557473
1104 4557473 4558147
1105 4558147 4558806
1106 4558806 4559051
1107 4559051 4559249
1108 4559249 4559941
1109 4559941 4560139
1110 4560139 4560355
1111 4560355 4560564
1112 4560564 4561214
1113 4561214 4561892
1114 4561892 4562540
1115 4562540 4563231
1116 4563231 4563918
1117 4563918 4564572
1118 4564572 4564813
1119 4564813 4565040
1120 4565040 4565353
1121 4565353 4565683
1122 4565683 4565893
1123 4565893 4566567
1124 4566567 4567224
1125 4567224 4567460
1126 4567460 4567767
1127 4567767 4568096
1128 4568096 4568781
1129 4568781 4568979
1130 4568979 4569266
1131 4569266 4569484
1132 4569484 4570163
1133 4570163 4570816
1134 4570816 4571475
1135 4571475 4572129
1136 4572129 4572787
1137 4572787 4572994
1138 4572994 4573568
1139 4573568 4573788
1140 4573788 4574465
1141 4574465 4575121
1142 4575121 4575799
1143 4575799 4576029
1144 4576029 4576703
1145 4576703 4576915
1146 4576915 4577567
1147 4577567 4577783
1148 4577783 4578432
1149 4578432 4579110
1150 4579110 4579808
1151 4579808 4580496
1152 4580496 4581188
1153 4581188 4581866
1154 4581866 4582540
1155 4582540 4583194
1156 4583194 4583845
1157 4583845 4584485
1158 4584485 4585129
1159 4585129 4585776
1160 4585776 4586431
1161 4586431 4587094
1162 4587094 4587749
1163 4587749 4588427
1164 4588427 4588638
1165 4588638 4589258
1166 4589258 4589934
1167 4589934 4590152
1168 4590152 4590813
1169 4590813 4591456
1170 4591456 4592113
1171 4592113 4592791
1172 4592791 4593446
1173 4593446 4594103
1174 4594103 4594757
1175 4594757 4594997
1176 4594997 4595651
1177 4595651 4596336
1178 4596336 4596532
1179 4596532 4597195
1180 4597195 4597873
1181 4597873 4598559
1182 4598559 4599245
1183 4599245 4599442
1184 4599442 4600086
1185 4600086 4600295
1186 4600295 4600510
1187 4600510 4600719
1188 4600719 4601356
1189 4601356 4602004
1190 4602004 4602659
1191 4602659 4603322
1192 4603322 4603978
1193 4603978 4604637
1194 4604637 4604847
1195 4604847 4605467
1196 4605467 4606145
1197 4606145 4606342
1198 4606342 4606989
1199 4606989 4607201
1200 4607201 4607859
1201 4607859 4608503
1202 4608503 4609181
1203 4609181 4609421
1204 4609421 4610072
1205 4610072 4610280
1206 4610280 4610941
1207 4610941 4611619
1208 4611619 4611828
1209 4611828 4612018
1210 4612018 4612227
1211 4612227 4612865
1212 4612865 4613513
1213 4613513 4614169
1214 4614169 4614834
1215 4614834 4615491
1216 4615491 4616145
1217 4616145 4616355
1218 4616355 4616977
1219 4616977 4617653
1220 4617653 4617886
1221 4617886 4618546
1222 4618546 4619188
1223 4619188 4619866
1224 4619866 4620168
1225 4620168 4620820
1226 4620820 4621017
1227 4621017 4621678
1228 4621678 4621915
1229 4621915 4622641
1230 4622641 4622831
1231 4622831 4623494
1232 4623494 4624171
1233 4624171 4624401
1234 4624401 4624625
1235 4624625 4624831
1236 4624831 4625040
1237 4625040 4625258
1238 4625258 4625897
1239 4625897 4626106
1240 4626106 4626761
1241 4626761 4627416
1242 4627416 4628065
1243 4628065 4628728
1244 4628728 4629384
1245 4629384 4630036
1246 4630036 4630243
1247 4630243 4630902
1248 4630902 4631546
1249 4631546 4632223
1250 4632223 4632462
1251 4632462 4633111
1252 4633111 4633322
1253 4633322 4633513
1254 4633513 4634178
1255 4634178 4634396
1256 4634396 4634586
1257 4634586 4634795
1258 4634795 4635447
1259 4635447 4636112
1260 4636112 4636768
1261 4636768 4637421
1262 4637421 4637644
1263 4637644 4638303
1264 4638303 4638552
1265 4638552 4638782
1266 4638782 4639439
1267 4639439 4639636
1268 4639636 4640301
1269 4640301 4640496
1270 4640496 4641143
1271 4641143 4641359
1272 4641359 4641561
1273 4641561 4641745
1274 4641745 4642395
1275 4642395 4643062
1276 4643062 4643716
1277 4643716 4643925
1278 4643925 4644636
1279 4644636 4644885
1280 4644885 4645114
1281 4645114 4645772
1282 4645772 4646416
1283 4646416 4646627
1284 4646627 4646834
1285 4646834 4647534
1286 4647534 4647771
1287 4647771 4648463
1288 4648463 4648720
1289 4648720 4648951
1290 4648951 4649616
1291 4649616 4650284
1292 4650284 4650964
1293 4650964 4651636
1294 4651636 4652317
1295 4652317 4653000
1296 4653000 4653659
1297 4653659 4654314
1298 4654314 4654966
1299 4654966 4655616
1300 4655616 4656282
1301 4656282 4656938
1302 4656938 4657623
1303 4657623 4657820
1304 4657820 4658034
1305 4658034 4658679
1306 4658679 4658891
1307 4658891 4659557
1308 4659557 4659774
1309 4659774 4660433
1310 4660433 4661076
1311 4661076 4661756
1312 4661756 4661995
1313 4661995 4662192
1314 4662192 4662857
1315 4662857 4663041
1316 4663041 4663289
1317 4663289 4663473
1318 4663473 4664122
1319 4664122 4664791
1320 4664791 4665449
1321 4665449 4666109
1322 4666109 4666318
1323 4666318 4666533
1324 4666533 4666756
1325 4666756 4667414
1326 4667414 4668056
1327 4668056 4668255
1328 4668255 4668482
1329 4668482 4668679
1330 4668679 4669343
1331 4669343 4669594
1332 4669594 4670229
1333 4670229 4670432
1334 4670432 4670616
1335 4670616 4670827
1336 4670827 4671018
1337 4671018 4671239
1338 4671239 4671898
1339 4671898 4672556
1340 4672556 4673213
1341 4673213 4673852
1342 4673852 4674503
1343 4674503 4675169
1344 4675169 4675825
1345 4675825 4676510
1346 4676510 4676721
1347 4676721 4677380
1348 4677380 4678022
1349 4678022 4678730
1350 4678730 4679362
1351 4679362 4680019
1352 4680019 4680280
1353 4680280 4680975
1354 4680975 4681214
1355 4681214 4681411
1356 4681411 4682077
1357 4682077 4682755
1358 4682755 4683437
1359 4683437 4684148
1360 4684148 4684816
1361 4684816 4685486
1362 4685486 4686167
1363 4686167 4686813
1364 4686813 4687465
1365 4687465 4688121
1366 4688121 4688771
1367 4688771 4689437
1368 4689437 4690091
1369 4690091 4690801
1370 4690801 4691011
1371 4691011 4691222
1372 4691222 4691882
1373 4691882 4692523
1374 4692523 4692782
1375 4692782 4692998
1376 4692998 4693660
1377 4693660 4694334
1378 4694334 4694570
1379 4694570 4694812
1380 4694812 4695449
1381 4695449 4696100
1382 4696100 4696751
1383 4696751 4697414
1384 4697414 4698074
1385 4698074 4698746
1386 4698746 4698962
1387 4698962 4699630
1388 4699630 4699856
1389 4699856 4700514
1390 4700514 4701154
1391 4701154 4701363
1392 4701363 4701650
1393 4701650 4702329
1394 4702329 4702551
1395 4702551 4703172
1396 4703172 4703421
1397 4703421 4704101
1398 4704101 4704779
1399 4704779 4704984
1400 4704984 4705647
1401 4705647 4706287
1402 4706287 4706965
1403 4706965 4707184
1404 4707184 4707842
1405 4707842 4708098
1406 4708098 4708741
1407 4708741 4709386
1408 4709386 4710064
1409 4710064 4710284
1410 4710284 4710537
1411 4710537 4711193
1412 4711193 4711908
1413 4711908 4712568
1414 4712568 4713258
1415 4713258 4713917
1416 4713917 4714599
1417 4714599 4715279
1418 4715279 4716903
1419 4716903 4720015
1420 4720015 4721228
1421 4721228 4721846
1422 4721846 4723450
1423 4723450 4725125
1424 4725125 4726726
1425 4726726 4735581
1426 4735581 4743399
1427 4743399 4747869
1428 4747869 4750830
1429 4750830 4751474
1430 4751474 4759200
1431 4759200 4763284
1432 4763284 4775875
1433 4775875 4780840
1434 4780840 4783404
1435 4783404 4787344
1436 4787344 4793694
1437 4793694 4796355
1438 4796355 4796695
1439 4796695 4799085
1440 4799085 4802982
1441 4802982 4805841
1442 4805841 4819443
1443 4819443 4827416
1444 4827416 4829366
1445 4829366 4832187
1446 4832187 4834159
1447 4834159 4836049
1448 4836049 4839561
1449 4839561 4842660
1450 4842660 4844530
1451 4844530 4847508
1452 4847508 4850406
1453 4850406 4852377
1454 4852377 4854633
1455 4854633 4856864
1456 4856864 4858733
1457 4858733 4860764
1458 4860764 4863409
1459 4863409 4866771
1460 4866771 4868980
1461 4868980 4870932
1462 4870932 4872747
1463 4872747 4874874
1464 4874874 4878715
1465 4878715 4881763
1466 4881763 4884256
1467 4884256 4886864
1468 4886864 4889237
1469 4889237 4891651
1470 4891651 4896194
1471 4896194 4896549
1472 4896549 4902455
1473 4902455 4906394
1474 4906394 4910235
1475 4910235 4920230
1476 4920230 4923079
1477 4923079 4924080
1478 4924080 4928545
1479 4928545 4935758
1480 4935758 4936098
1481 4936098 4939338
1482 4939338 4942051
1483 4942051 4944471
1484 4944471 4947110
1485 4947110 4950720
1486 4950720 4955115
1487 4955115 4957767
1488 4957767 4962800
1489 4962800 4965591
1490 4965591 4973860
1491 4973860 4976654
1492 4976654 4982983
1493 4982983 4985471
1494 4985471 4986732
1495 4986732 5004614
1496 5004614 5014529
1497 5014529 5017531
1498 5017531 5020816
1499 5020816 5026745
1500 5026745 5030269
1501 5030269 5032252
1502 5032252 5035373
1503 5035373 5039909
1504 5039909 5044326
1505 5044326 5048087
1506 5048087 5051120
1507 5051120 5075737
1508 5075737 5087111
1509 5087111 5103477
1510 5103477 5134246
1511 5134246 5138073
1512 5138073 5139413
1513 5139413 5140545
1514 5140545 5145816
1515 5145816 5148354
1516 5148354 5151479
1517 5151479 5158389
1518 5158389 5164631
1519 5164631 5173871
1520 5173871 5185604
1521 5185604 5187713
1522 5187713 5194251
1523 5194251 5200104
1524 5200104 5210170
1525 5210170 5210395
1526 5210395 5210656
1527 5210656 5210942
1528 5210942 5211155
1529 5211155 5211402
1530 5211402 5211672
1531 5211672 5217686
1532 5217686 5218945
1533 5218945 5228963
1534 5228963 5234503
1535 5234503 5236529
1536 5236529 5238882
1537 5238882 5240738
1538 5240738 5242188
1539 5242188 5243718
1540 5243718 5245387
1541 5245387 5248878
1542 5248878 5251459
1543 5251459 5266768
1544 5266768 5270105
1545 5270105 5273565
1546 5273565 5279751
1547 5279751 5282337
1548 5282337 5285128
1549 5285128 5294525
1550 5294525 5295939
1551 5295939 5296150
1552 5296150 5298112
1553 5298112 5303119
1554 5303119 5304551
1555 5304551 5306279
1556 5306279 5308145
1557 5308145 5311051
1558 5311051 5319250
1559 5319250 5326800
1560 5326800 5330321
1561 5330321 5340102
1562 5340102 5341777
1563 5341777 5342759
1564 5342759 5346922
1565 5346922 5347977
1566 5347977 5363100
1567 5363100 5366628
1568 5366628 5371451
1569 5371451 5371980
1570 5371980 5379801
1571 5379801 5382690
1572 5382690 5385455
1573 5385455 5387630
1574 5387630 5387900
1575 5387900 5388125
1576 5388125 5388405
1577 5388405 5400298
1578 5400298 5405685
1579 5405685 5411615
1580 5411615 5413411
1581 5413411 5414491
1582 5414491 5437192
1583 5437192 5438729
1584 5438729 5445380
1585 5445380 5447040
1586 5447040 5452067
1587 5452067 5458639
1588 5458639 5462906
1589 5462906 5471583
1590 5471583 5475651
1591 5475651 5483215
1592 5483215 5521815
1593 5521815 5527287
1594 5527287 5545191
1595 5545191 5550514
1596 5550514 5553315
1597 5553315 5563888
1598 5563888 5567703
1599 5567703 5572463
1600 5572463 5577903
1601 5577903 5582761
1602 5582761 5588039
1603 5588039 5594797
1604 5594797 5601314
1605 5601314 5606025
1606 5606025 5610207
1607 5610207 5619192
1608 5619192 5627629
1609 5627629 5633144
1610 5633144 5637448
1611 5637448 5644924
1612 5644924 5652861
1613 5652861 5658541
1614 5658541 5663931
1615 5663931 5668428
1616 5668428 5673420
1617 5673420 5678798
1618 5678798 5682839
1619 5682839 5689204
1620 5689204 5692717
1621 5692717 5696217
1622 5696217 5708165
1623 5708165 5712441
1624 5712441 5720692
1625 5720692 5728587
1626 5728587 5736622
1627 5736622 5743964
1628 5743964 5745625
1629 5745625 5750909
1630 5750909 5767390
1631 5767390 5772030
1632 5772030 5781511
1633 5781511 5786852
1634 5786852 5791670
1635 5791670 5802211
1636 5802211 5807798
1637 5807798 5811576
1638 5811576 5830039
1639 5830039 5835435
1640 5835435 5838866
1641 5838866 5850373
1642 5850373 5858282
1643 5858282 5859544
1644 5859544 5861703
1645 5861703 5864606
1646 5864606 5868304
1647 5868304 5888113
1648 5888113 5892443
1649 5892443 5895997
1650 5895997 5908594
1651 5908594 5915411
1652 5915411 5941230
1653 5941230 5952490
1654 5952490 5959617
1655 5959617 5965597
1656 5965597 5971981
1657 5971981 5995604
1658 5995604 6003035
1659 6003035 6004359
1660 6004359 6005461
1661 6005461 6014565
1662 6014565 6025858
1663 6025858 6035136
1664 6035136 6051169
1665 6051169 6059949
1666 6059949 6068421
1667 6068421 6075828
1668 6075828 6087146
1669 6087146 6106677
1670 6106677 6120258
1671 6120258 6125767
1672 6125767 6126284
1673 6126284 6127141
1674 6127141 6130362
1675 6130362 6137729
1676 6137729 6138293
1677 6138293 6139855
1678 6139855 6143339
1679 6143339 6145467
1680 6145467 6154661
1681 6154661 6162709
1682 6162709 6171300
1683 6171300 6176016
1684 6176016 6178730
1685 6178730 6182838
1686 6182838 6187943
1687 6187943 6195120
1688 6195120 6198552
1689 6198552 6201411
1690 6201411 6202115
1691 6202115 6203192
1692 6203192 6204857
1693 6204857 6211560
1694 6211560 6212933
1695 6212933 6224409
1696 6224409 6230782
1697 6230782 6235246
1698 6235246 6261077
1699 6261077 6264852
1700 6264852 6270020
1701 6270020 6278451
1702 6278451 6288249
1703 6288249 6292907
1704 6292907 6299305
1705 6299305 6308929
1706 6308929 6321801
1707 6321801 6326518
1708 6326518 6337503
1709 6337503 6343802
1710 6343802 6348938
1711 6348938 6350720
1712 6350720 6354561
1713 6354561 6359353
1714 6359353 6363088
1715 6363088 6373831
1716 6373831 6383772
1717 6383772 6390647
1718 6390647 6396783
1719 6396783 6403397
1720 6403397 6409229
1721 6409229 6413354
1722 6413354 6417288
1723 6417288 6420818
1724 6420818 6424687
1725 6424687 6428046
1726 6428046 6440349
1727 6440349 6453219
1728 6453219 6457475
1729 6457475 6460363
1730 6460363 6465962
1731 6465962 6481907
1732 6481907 6486227
1733 6486227 6486971
1734 6486971 6488200
1735 6488200 6492637
1736 6492637 6497048
1737 6497048 6499164
1738 6499164 6512229
1739 6512229 6518963
1740 6518963 6527824
1741 6527824 6535598
1742 6535598 6546323
1743 6546323 6546564
1744 6546564 6553596
1745 6553596 6562571
1746 6562571 6564940
1747 6564940 6573131
1748 6573131 6581454
1749 6581454 6585378
1750 6585378 6591162
1751 6591162 6601457
1752 6601457 6604031
1753 6604031 6617802
1754 6617802 6622516
1755 6622516 6623072
1756 6623072 6624632
1757 6624632 6627747
1758 6627747 6631533
1759 6631533 6633214
1760 6633214 6635945
1761 6635945 6638657
1762 6638657 6639201
1763 6639201 6643381
1764 6643381 6649483
1765 6649483 6651251
1766 6651251 6654874
1767 6654874 6657359
1768 6657359 6663412
1769 6663412 6669222
1770 6669222 6677018
1771 6677018 6681987
1772 6681987 6682924
1773 6682924 6684227
1774 6684227 6686290
1775 6686290 6690385
1776 6690385 6693909
1777 6693909 6694545
1778 6694545 6698634
1779 6698634 6701574
1780 6701574 6704457
1781 6704457 6707992
1782 6707992 6713634
1783 6713634 6718311
1784 6718311 6723435
1785 6723435 6732633
1786 6732633 6742069
1787 6742069 6747647
1788 6747647 6749700
1789 6749700 6751724
1790 6751724 6755488
1791 6755488 6758126
1792 6758126 6766522
1793 6766522 6767860
1794 6767860 6769774
1795 6769774 6772892
1796 6772892 6777482
1797 6777482 6779537
1798 6779537 6780768
1799 6780768 6782019
1800 6782019 6787338
1801 6787338 6790151
1802 6790151 6794197
1803 6794197 6795365
1804 6795365 6797419
1805 6797419 6799595
1806 6799595 6800964
1807 6800964 6803888
1808 6803888 6805504
1809 6805504 6812855
1810 6812855 6818183
1811 6818183 6818952
1812 6818952 6819516
1813 6819516 6820409
1814 6820409 6821113
1815 6821113 6821678
1816 6821678 6822281
1817 6822281 6823654
1818 6823654 6827210
1819 6827210 6830981
1820 6830981 6831525
1821 6831525 6833642
1822 6833642 6835012
1823 6835012 6838440
1824 6838440 6844722
1825 6844722 6848022
1826 6848022 6853378
1827 6853378 6856420
1828 6856420 6860263
1829 6860263 6863585
1830 6863585 6866656
1831 6866656 6868623
1832 6868623 6871853
1833 6871853 6872096
1834 6872096 6874070
1835 6874070 6876274
1836 6876274 6880106
1837 6880106 6890213
1838 6890213 6892296
1839 6892296 6896152
1840 6896152 6899632
1841 6899632 6903882
1842 6903882 6905431
1843 6905431 6906921
1844 6906921 6909306
1845 6909306 6911288
1846 6911288 6914422
1847 6914422 6917215
1848 6917215 6919166
1849 6919166 6921586
1850 6921586 6922276
1851 6922276 6922983
1852 6922983 6923701
1853 6923701 6924365
1854 6924365 6925024
1855 6925024 6925691
1856 6925691 6926436
1857 6926436 6927095
1858 6927095 6927797
1859 6927797 6928452
1860 6928452 6929139
1861 6929139 6929811
1862 6929811 6930471
1863 6930471 6931151
1864 6931151 6931824
1865 6931824 6932507
1866 6932507 6933184
1867 6933184 6933879
1868 6933879 6934568
1869 6934568 6935263
1870 6935263 6935945
1871 6935945 6936669
1872 6936669 6937370
1873 6937370 6938095
1874 6938095 6938781
1875 6938781 6939483
1876 6939483 6940217
1877 6940217 6940931
1878 6940931 6941596
1879 6941596 6942294
1880 6942294 6942972
1881 6942972 6943660
1882 6943660 6944325
1883 6944325 6945017
1884 6945017 6945697
1885 6945697 6946375
1886 6946375 6947055
1887 6947055 6947729
1888 6947729 6948415
1889 6948415 6949143
1890 6949143 6949827
1891 6949827 6950541
1892 6950541 6951200
1893 6951200 6951897
1894 6951897 6952587
1895 6952587 6953279
1896 6953279 6954008
1897 6954008 6954672
1898 6954672 6955355
1899 6955355 6956070
1900 6956070 6956767
1901 6956767 6957456
1902 6957456 6958148
1903 6958148 6958877
1904 6958877 6959560
1905 6959560 6960273
1906 6960273 6960951
1907 6960951 6961692
1908 6961692 6962362
1909 6962362 6963061
1910 6963061 6963743
1911 6963743 6964436
1912 6964436 6965117
1913 6965117 6965785
1914 6965785 6966466
1915 6966466 6967142
1916 6967142 6967835
1917 6967835 6968512
1918 6968512 6969243
1919 6969243 6969947
1920 6969947 6970629
1921 6970629 6971314
1922 6971314 6972042
1923 6972042 6972765
1924 6972765 6973431
1925 6973431 6974128
1926 6974128 6974816
1927 6974816 6975498
1928 6975498 6976237
1929 6976237 6976918
1930 6976918 6977611
1931 6977611 6978279
1932 6978279 6978964
1933 6978964 6979644
1934 6979644 6980328
1935 6980328 6981000
1936 6981000 6981687
1937 6981687 6982368
1938 6982368 6983053
1939 6983053 6983736
1940 6983736 6984436
1941 6984436 6985090
1942 6985090 6985802
1943 6985802 6986527
1944 6986527 6987221
1945 6987221 6987947
1946 6987947 6988687
1947 6988687 6989351
1948 6989351 6990024
1949 6990024 6990716
1950 6990716 6991416
1951 6991416 6992145
1952 6992145 6992836
1953 6992836 6993557
1954 6993557 6994245
1955 6994245 6994981
1956 6994981 6995721
1957 6995721 6996409
1958 6996409 6997094
1959 6997094 6997768
1960 6997768 6998446
1961 6998446 6999128
1962 6999128 6999807
1963 6999807 7000518
1964 7000518 7001209
1965 7001209 7001877
1966 7001877 7002547
1967 7002547 7003217
1968 7003217 7003899
1969 7003899 7004580
1970 7004580 7005290
1971 7005290 7005990
1972 7005990 7006714
1973 7006714 7007401
1974 7007401 7008113
1975 7008113 7008817
1976 7008817 7009533
1977 7009533 7010233
1978 7010233 7010932
1979 7010932 7011612
1980 7011612 7011838
1981 7011838 7012047
1982 7012047 7012743
1983 7012743 7013475
1984 7013475 7014160
1985 7014160 7014873
1986 7014873 7015550
1987 7015550 7016233
1988 7016233 7016911
1989 7016911 7017588
1990 7017588 7018307
1991 7018307 7018983
1992 7018983 7019673
1993 7019673 7020349
1994 7020349 7021008
1995 7021008 7021686
1996 7021686 7022368
1997 7022368 7023035
1998 7023035 7023715
1999 7023715 7024392
2000 7024392 7025087
2001 7025087 7025762
2002 7025762 7026446
2003 7026446 7027166
2004 7027166 7027891
2005 7027891 7028631
2006 7028631 7029345
2007 7029345 7030025
2008 7030025 7030715
2009 7030715 7031426
2010 7031426 7032139
2011 7032139 7032809
2012 7032809 7033507
2013 7033507 7034190
2014 7034190 7034886
2015 7034886 7035606
2016 7035606 7036286
2017 7036286 7036959
2018 7036959 7037672
2019 7037672 7038370
2020 7038370 7039045
2021 7039045 7039765
2022 7039765 7040449
2023 7040449 7041150
2024 7041150 7041836
2025 7041836 7042532
2026 7042532 7043266
2027 7043266 7043995
2028 7043995 7044735
2029 7044735 7045417
2030 7045417 7046171
2031 7046171 7046882
2032 7046882 7047567
2033 7047567 7048241
2034 7048241 7048946
2035 7048946 7049610
2036 7049610 7050280
2037 7050280 7050973
2038 7050973 7051646
2039 7051646 7052337
2040 7052337 7053015
2041 7053015 7053720
2042 7053720 7054389
2043 7054389 7055092
2044 7055092 7055770
2045 7055770 7056489
2046 7056489 7057173
2047 7057173 7057854
2048 7057854 7058570
2049 7058570 7059240
2050 7059240 7059947
2051 7059947 7060660
2052 7060660 7061412
2053 7061412 7062096
2054 7062096 7062827
2055 7062827 7063557
2056 7063557 7064280
2057 7064280 7065019
2058 7065019 7065761
2059 7065761 7066477
2060 7066477 7067188
2061 7067188 7067900
2062 7067900 7068629
2063 7068629 7069343
2064 7069343 7070042
2065 7070042 7070706
2066 7070706 7071391
2067 7071391 7072098
2068 7072098 7072757
2069 7072757 7073469
2070 7073469 7074194
2071 7074194 7074955
2072 7074955 7075715
2073 7075715 7076466
2074 7076466 7077129
2075 7077129 7077801
2076 7077801 7078477
2077 7078477 7079160
2078 7079160 7079817
2079 7079817 7080520
2080 7080520 7081171
2081 7081171 7081832
2082 7081832 7082517
2083 7082517 7083181
2084 7083181 7083881
2085 7083881 7084117
2086 7084117 7084815
2087 7084815 7085531
2088 7085531 7086236
2089 7086236 7086924
2090 7086924 7087636
2091 7087636 7088335
2092 7088335 7089038
2093 7089038 7089713
2094 7089713 7090423
2095 7090423 7091135
2096 7091135 7091812
2097 7091812 7092554
2098 7092554 7093262
2099 7093262 7093926
2100 7093926 7094615
2101 7094615 7095293
2102 7095293 7095969
2103 7095969 7096642
2104 7096642 7097293
2105 7097293 7097967
2106 7097967 7098635
2107 7098635 7099309
2108 7099309 7099986
2109 7099986 7100658
2110 7100658 7101341
2111 7101341 7102062
2112 7102062 7102747
2113 7102747 7103457
2114 7103457 7104122
2115 7104122 7104815
2116 7104815 7105494
2117 7105494 7106237
2118 7106237 7106958
2119 7106958 7107672
2120 7107672 7108392
2121 7108392 7109077
2122 7109077 7109764
2123 7109764 7110443
2124 7110443 7111145
2125 7111145 7111818
2126 7111818 7112505
2127 7112505 7113190
2128 7113190 7113903
2129 7113903 7114585
2130 7114585 7115290
2131 7115290 7116013
2132 7116013 7116733
2133 7116733 7117431
2134 7117431 7118121
2135 7118121 7118821
2136 7118821 7119506
2137 7119506 7120219
2138 7120219 7120914
2139 7120914 7121594
2140 7121594 7122266
2141 7122266 7122933
2142 7122933 7123609
2143 7123609 7124269
2144 7124269 7124945
2145 7124945 7125638
2146 7125638 7126314
2147 7126314 7126986
2148 7126986 7127690
2149 7127690 7128410
2150 7128410 7129119
2151 7129119 7129841
2152 7129841 7130540
2153 7130540 7131251
2154 7131251 7131917
2155 7131917 7132588
2156 7132588 7133251
2157 7133251 7133935
2158 7133935 7134625
2159 7134625 7135298
2160 7135298 7135977
2161 7135977 7136651
2162 7136651 7137317
2163 7137317 7137997
2164 7137997 7138666
2165 7138666 7139355
2166 7139355 7140009
2167 7140009 7140676
2168 7140676 7141358
2169 7141358 7142036
2170 7142036 7142740
2171 7142740 7143448
2172 7143448 7144139
2173 7144139 7144809
2174 7144809 7145494
2175 7145494 7146157
2176 7146157 7146824
2177 7146824 7147541
2178 7147541 7148218
2179 7148218 7148875
2180 7148875 7149588
2181 7149588 7150273
2182 7150273 7150989
2183 7150989 7151674
2184 7151674 7152351
2185 7152351 7153016
2186 7153016 7153689
2187 7153689 7154384
2188 7154384 7155052
2189 7155052 7155718
2190 7155718 7156435
2191 7156435 7157129
2192 7157129 7157796
2193 7157796 7158461
2194 7158461 7159118
2195 7159118 7159817
2196 7159817 7160553
2197 7160553 7161248
2198 7161248 7161911
2199 7161911 7162581
2200 7162581 7163246
2201 7163246 7163921
2202 7163921 7164574
2203 7164574 7165251
2204 7165251 7165911
2205 7165911 7166570
2206 7166570 7167256
2207 7167256 7167924
2208 7167924 7168636
2209 7168636 7169320
2210 7169320 7170042
2211 7170042 7170693
2212 7170693 7171387
2213 7171387 7172067
2214 7172067 7178810
2215 7178810 7187059
2216 7187059 7190804
2217 7190804 7195854
2218 7195854 7199384
2219 7199384 7200405
2220 7200405 7201845
2221 7201845 7203044
2222 7203044 7204372
2223 7204372 7206583
2224 7206583 7214279
2225 7214279 7232663
2226 7232663 7236571
2227 7236571 7241011
2228 7241011 7244386
2229 7244386 7247964
2230 7247964 7258506
2231 7258506 7262600
2232 7262600 7263848
2233 7263848 7264771
2234 7264771 7266306
2235 7266306 7267302
2236 7267302 7269306
2237 7269306 7273799
2238 7273799 7275460
2239 7275460 7281733
2240 7281733 7289462
2241 7289462 7291486
2242 7291486 7295520
2243 7295520 7298224
2244 7298224 7303026
2245 7303026 7311905
2246 7311905 7316913
2247 7316913 7324919
2248 7324919 7329735
2249 7329735 7339805
2250 7339805 7342048
2251 7342048 7343696
2252 7343696 7345828
2253 7345828 7347735
2254 7347735 7350203
2255 7350203 7353129
2256 7353129 7355743
2257 7355743 7369076
2258 7369076 7371597
2259 7371597 7373889
2260 7373889 7376435
2261 7376435 7379553
2262 7379553 7381172
2263 7381172 7390856
2264 7390856 7395608
2265 7395608 7402640
2266 7402640 7406332
2267 7406332 7409791
2268 7409791 7412670
2269 7412670 7418580
2270 7418580 7421696
2271 7421696 7427587
2272 7427587 7432392
2273 7432392 7446159
2274 7446159 7450022
2275 7450022 7453024
2276 7453024 7454680
2277 7454680 7462821
2278 7462821 7468545
2279 7468545 7481080
2280 7481080 7484928
2281 7484928 7487165
2282 7487165 7492665
2283 7492665 7498547
2284 7498547 7506507
2285 7506507 7516682
2286 7516682 7520317
2287 7520317 7523738
2288 7523738 7525955
2289 7525955 7526372
2290 7526372 7530188
2291 7530188 7532251
2292 7532251 7533767
2293 7533767 7541178
2294 7541178 7542231
2295 7542231 7543208
2296 7543208 7544918
2297 7544918 7548229
2298 7548229 7550087
2299 7550087 7554181
2300 7554181 7556384
2301 7556384 7560444
2302 7560444 7561874
2303 7561874 7566827
2304 7566827 7569462
2305 7569462 7571248
2306 7571248 7573257
2307 7573257 7574775
2308 7574775 7583306
2309 7583306 7587556
2310 7587556 7600439
2311 7600439 7605039
2312 7605039 7607436
2313 7607436 7609889
2314 7609889 7610574
2315 7610574 7611976
2316 7611976 7622084
2317 7622084 7643871
2318 7643871 7644768
2319 7644768 7648307
2320 7648307 7649755
2321 7649755 7650848
2322 7650848 7656633
2323 7656633 7657871
2324 7657871 7658807
2325 7658807 7669653
2326 7669653 7671034
2327 7671034 7688785
2328 7688785 7698284
2329 7698284 7701153
2330 7701153 7705149
2331 7705149 7706530
2332 7706530 7711154
2333 7711154 7717135
2334 7717135 7718220
2335 7718220 7719123
2336 7719123 7721450
2337 7721450 7729641
2338 7729641 7732921
2339 7732921 7734788
2340 7734788 7735343
2341 7735343 7736916
2342 7736916 7739217
2343 7739217 7745176
2344 7745176 7746531
2345 7746531 7749724
2346 7749724 7750989
2347 7750989 7752328
2348 7752328 7753457
2349 7753457 7759018
2350 7759018 7759973
2351 7759973 7764362
2352 7764362 7764730
2353 7764730 7773630
2354 7773630 7777245
2355 7777245 7778876
2356 7778876 7780239
2357 7780239 7786659
2358 7786659 7790756
2359 7790756 7792031
2360 7792031 7794999
2361 7794999 7797680
2362 7797680 7799484
2363 7799484 7803619
2364 7803619 7805118
2365 7805118 7809172
2366 7809172 7812776
2367 7812776 7814165
2368 7814165 7815277
2369 7815277 7819260
2370 7819260 7826157
2371 7826157 7839120
2372 7839120 7840728
2373 7840728 7842270
2374 7842270 7843747
2375 7843747 7846202
2376 7846202 7848384
2377 7848384 7850155
2378 7850155 7851943
2379 7851943 7853122
2380 7853122 7854782
2381 7854782 7855611
2382 7855611 7862656
2383 7862656 7870808
2384 7870808 7872309
2385 7872309 7873416
2386 7873416 7878107
2387 7878107 7880553
2388 7880553 7881742
2389 7881742 7888200
2390 7888200 7889994
2391 7889994 7897569
2392 7897569 7899758
2393 7899758 7906170
2394 7906170 7910185
2395 7910185 7911600
2396 7911600 7919955
2397 7919955 7926871
2398 7926871 7936422
2399 7936422 7940086
2400 7940086 7942333
2401 7942333 7945746
2402 7945746 7950496
2403 7950496 7952199
2404 7952199 7954369
2405 7954369 7955401
2406 7955401 7960870
2407 7960870 7962871
2408 7962871 7964402
2409 7964402 7966288
2410 7966288 7967488
2411 7967488 7968695
2412 7968695 7975683
2413 7975683 7979469
2414 7979469 7980521
2415 7980521 7983023
2416 7983023 7985284
2417 7985284 7988536
2418 7988536 7991153
2419 7991153 8021225
2420 8021225 8022351
2421 8022351 8024127
2422 8024127 8029266
2423 8029266 8030546
2424 8030546 8032226
2425 8032226 8033987
2426 8033987 8036427
2427 8036427 8038135
2428 8038135 8039747
2429 8039747 8042416
2430 8042416 8045668
2431 8045668 8050362
2432 8050362 8052176
2433 8052176 8053161
2434 8053161 8054685
2435 8054685 8056769
2436 8056769 8058327
2437 8058327 8060157
2438 8060157 8061475
2439 8061475 8063412
2440 8063412 8065065
2441 8065065 8065955
2442 8065955 8068703
2443 8068703 8070608
2444 8070608 8076793
2445 8076793 8079552
2446 8079552 8080986
2447 8080986 8082222
2448 8082222 8084940
2449 8084940 8086427
2450 8086427 8088774
2451 8088774 8090272
2452 8090272 8091642
2453 8091642 8093864
2454 8093864 8095415
2455 8095415 8097161
2456 8097161 8102411
2457 8102411 8105029
2458 8105029 8110669
2459 8110669 8112375
2460 8112375 8115376
2461 8115376 8117009
2462 8117009 8119830
2463 8119830 8121155
2464 8121155 8122047
2465 8122047 8123686
2466 8123686 8127713
2467 8127713 8130981
2468 8130981 8133998
2469 8133998 8137387
2470 8137387 8140131
2471 8140131 8141570
2472 8141570 8142972
2473 8142972 8143888
2474 8143888 8146085
2475 8146085 8147744
2476 8147744 8148866
2477 8148866 8152222
2478 8152222 8155455
2479 8155455 8159265
2480 8159265 8161051
2481 8161051 8165955
2482 8165955 8169851
2483 8169851 8171650
2484 8171650 8173467
2485 8173467 8174468
2486 8174468 8175770
2487 8175770 8176787
2488 8176787 8177981
2489 8177981 8183099
2490 8183099 8185412
2491 8185412 8187299
2492 8187299 8188460
2493 8188460 8189784
2494 8189784 8191054
2495 8191054 8195269
2496 8195269 8196807
2497 8196807 8199528
2498 8199528 8201701
2499 8201701 8202832
2500 8202832 8204698
2501 8204698 8209729
2502 8209729 8212099
2503 8212099 8214809
2504 8214809 8217587
2505 8217587 8219537
2506 8219537 8222006
2507 8222006 8229201
2508 8229201 8230788
2509 8230788 8231966
2510 8231966 8233144
2511 8233144 8234314
2512 8234314 8235492
2513 8235492 8236670
2514 8236670 8237848
2515 8237848 8239026
2516 8239026 8240204
2517 8240204 8241382
2518 8241382 8242203
2519 8242203 8243356
2520 8243356 8251469
2521 8251469 8257048
2522 8257048 8258401
2523 8258401 8260438
2524 8260438 8265226
2525 8265226 8272044
2526 8272044 8280263
2527 8280263 8284212
2528 8284212 8285489
2529 8285489 8294378
2530 8294378 8300427
2531 8300427 8302520
2532 8302520 8307008
2533 8307008 8308983
2534 8308983 8318320
2535 8318320 8320753
2536 8320753 8322054
2537 8322054 8325008
2538 8325008 8327196
2539 8327196 8330241
2540 8330241 8331212
2541 8331212 8335013
2542 8335013 8337640
2543 8337640 8339185
2544 8339185 8342625
2545 8342625 8344312
2546 8344312 8350717
2547 8350717 8353216
2548 8353216 8355402
2549 8355402 8360507
2550 8360507 8369108
2551 8369108 8374331
2552 8374331 8375452
2553 8375452 8376785
2554 8376785 8378281
2555 8378281 8380780
2556 8380780 8383175
2557 8383175 8385028
2558 8385028 8388564
2559 8388564 8392524
2560 8392524 8396312
2561 8396312 8396782
2562 8396782 8410202
2563 8410202 8419839
2564 8419839 8422334
2565 8422334 8424451
2566 8424451 8426916
2567 8426916 8429605
2568 8429605 8436021
2569 8436021 8444052
2570 8444052 8449315
2571 8449315 8455296
2572 8455296 8459889
2573 8459889 8462418
2574 8462418 8464935
2575 8464935 8472383
2576 8472383 8477822
2577 8477822 8480650
2578 8480650 8481818
2579 8481818 8483629
2580 8483629 8485583
2581 8485583 8486253
2582 8486253 8486764
2583 8486764 8487398
2584 8487398 8490004
2585 8490004 8492552
2586 8492552 8494503
2587 8494503 8500306
2588 8500306 8502372
2589 8502372 8506226
2590 8506226 8510447
2591 8510447 8512864
2592 8512864 8514471
2593 8514471 8517513
2594 8517513 8519322
2595 8519322 8527662
2596 8527662 8529391
2597 8529391 8532654
2598 8532654 8536420
2599 8536420 8540699
2600 8540699 8544335
2601 8544335 8558971
2602 8558971 8562054
2603 8562054 8566905
2604 8566905 8571039
2605 8571039 8573691
2606 8573691 8576446
2607 8576446 8580047
2608 8580047 8583546
2609 8583546 8603372
2610 8603372 8607401
2611 8607401 8608684
2612 8608684 8612887
2613 8612887 8616592
2614 8616592 8621970
2615 8621970 8626320
2616 8626320 8630144
2617 8630144 8634546
2618 8634546 8637645
2619 8637645 8639364
2620 8639364 8643698
2621 8643698 8647464
2622 8647464 8650672
2623 8650672 8654699
2624 8654699 8658888
2625 8658888 8662461
2626 8662461 8666134
2627 8666134 8669969
2628 8669969 8674003
2629 8674003 8677504
2630 8677504 8681844
2631 8681844 8692385
2632 8692385 8696178
2633 8696178 8700927
2634 8700927 8704460
2635 8704460 8708511
2636 8708511 8713317
2637 8713317 8717532
2638 8717532 8721513
2639 8721513 8725021
2640 8725021 8727896
2641 8727896 8731016
2642 8731016 8734178
2643 8734178 8738269
2644 8738269 8741566
2645 8741566 8760952
2646 8760952 8765336
2647 8765336 8768773
2648 8768773 8770356
2649 8770356 8773839
2650 8773839 8777384
2651 8777384 8796955
2652 8796955 8801658
2653 8801658 8803198
2654 8803198 8806641
2655 8806641 8811519
2656 8811519 8815695
2657 8815695 8819067
2658 8819067 8820323
2659 8820323 8823806
2660 8823806 8829281
2661 8829281 8833086
2662 8833086 8838181
2663 8838181 8841382
2664 8841382 8844701
2665 8844701 8848369
2666 8848369 8852129
2667 8852129 8855639
2668 8855639 8858405
2669 8858405 8861673
2670 8861673 8865349
2671 8865349 8868574
2672 8868574 8872154
2673 8872154 8891123
2674 8891123 8895669
2675 8895669 8899480
2676 8899480 8903131
2677 8903131 8907490
2678 8907490 8908758
2679 8908758 8909720
2680 8909720 8912710
2681 8912710 8916811
2682 8916811 8920390
2683 8920390 8923268
2684 8923268 8926826
2685 8926826 8929468
2686 8929468 8930607
2687 8930607 8934859
2688 8934859 8954703
2689 8954703 8958560
2690 8958560 8963412
2691 8963412 8966771
2692 8966771 8971616
2693 8971616 8974961
2694 8974961 8978266
2695 8978266 8981943
2696 8981943 8983452
2697 8983452 8986746
2698 8986746 8987979
2699 8987979 8989788
2700 8989788 8994374
2701 8994374 8995486
2702 8995486 8999739
2703 8999739 9001595
2704 9001595 9003773
2705 9003773 9004015
2706 9004015 9009003
2707 9009003 9011665
2708 9011665 9014297
2709 9014297 9014689
2710 9014689 9016247
2711 9016247 9017778
2712 9017778 9019998
2713 9019998 9021522
2714 9021522 9022634
2715 9022634 9025332
2716 9025332 9026378
2717 9026378 9026738
2718 9026738 9031346
2719 9031346 9032661
2720 9032661 9033585
2721 9033585 9037534
2722 9037534 9038905
2723 9038905 9042064
2724 9042064 9044718
2725 9044718 9045285
2726 9045285 9046605
2727 9046605 9047874
2728 9047874 9050403
2729 9050403 9051631
2730 9051631 9059811
2731 9059811 9060432
2732 9060432 9061798
2733 9061798 9069244
2734 9069244 9073143
2735 9073143 9076889
2736 9076889 9080387
2737 9080387 9087427
2738 9087427 9092380
2739 9092380 9094071
2740 9094071 9095696
2741 9095696 9097764
2742 9097764 9099137
2743 9099137 9099674
2744 9099674 9101060
2745 9101060 9103388
2746 9103388 9107911
2747 9107911 9109480
2748 9109480 9121069
2749 9121069 9123153
2750 9123153 9124000
2751 9124000 9124949
2752 9124949 9126039
2753 9126039 9127894
2754 9127894 9128640
2755 9128640 9140242
2756 9140242 9142055
2757 9142055 9145050
2758 9145050 9148826
2759 9148826 9149806
2760 9149806 9152046
2761 9152046 9153305
2762 9153305 9158098
2763 9158098 9158439
2764 9158439 9165525
2765 9165525 9166598
2766 9166598 9168410
2767 9168410 9171007
2768 9171007 9172522
2769 9172522 9173798
2770 9173798 9180508
2771 9180508 9184078
2772 9184078 9187643
2773 9187643 9189326
2774 9189326 9192352
2775 9192352 9193702
2776 9193702 9194241
2777 9194241 9195047
2778 9195047 9199914
2779 9199914 9201178
2780 9201178 9207655
2781 9207655 9210377
2782 9210377 9210851
2783 9210851 9215124
2784 9215124 9215675
2785 9215675 9217192
2786 9217192 9219348
2787 9219348 9222174
2788 9222174 9225380
2789 9225380 9226786
2790 9226786 9228350
2791 9228350 9229516
2792 9229516 9230997
2793 9230997 9233377
2794 9233377 9233998
2795 9233998 9235645
2796 9235645 9235889
2797 9235889 9238733
2798 9238733 9239704
2799 9239704 9240852
2800 9240852 9256453
2801 9256453 9262909
2802 9262909 9276896
2803 9276896 9279689
2804 9279689 9281764
2805 9281764 9284572
2806 9284572 9286373
2807 9286373 9306460
2808 9306460 9315522
2809 9315522 9319117
2810 9319117 9322694
2811 9322694 9326112
2812 9326112 9328238
2813 9328238 9331623
2814 9331623 9332076
2815 9332076 9334646
2816 9334646 9337578
2817 9337578 9351531
2818 9351531 9353361
2819 9353361 9357492
2820 9357492 9360275
2821 9360275 9363267
2822 9363267 9364219
2823 9364219 9364930
2824 9364930 9385103
2825 9385103 9388972
2826 9388972 9389225
2827 9389225 9417884
2828 9417884 9422121
2829 9422121 9429545
2830 9429545 9438899
2831 9438899 9469234
2832 9469234 9488940
2833 9488940 9489579
2834 9489579 9491926
2835 9491926 9493563
2836 9493563 9498551
2837 9498551 9501889
2838 9501889 9505960
2839 9505960 9508483
2840 9508483 9513097
2841 9513097 9514264
2842 9514264 9516290
2843 9516290 9516982
2844 9516982 9517426
2845 9517426 9527368
2846 9527368 9529691
2847 9529691 9530567
2848 9530567 9561042
2849 9561042 9564607
2850 9564607 9565561
2851 9565561 9568169
2852 9568169 9571315
2853 9571315 9571668
2854 9571668 9578905
2855 9578905 9597959
2856 9597959 9603684
2857 9603684 9605009
2858 9605009 9607211
2859 9607211 9609581
2860 9609581 9612154
2861 9612154 9613421
2862 9613421 9622443
2863 9622443 9626113
2864 9626113 9628281
2865 9628281 9630662
2866 9630662 9652780
2867 9652780 9653655
2868 9653655 9654073
2869 9654073 9655247
2870 9655247 9659114
2871 9659114 9660272
2872 9660272 9663833
2873 9663833 9667106
2874 9667106 9668706
2875 9668706 9670745
2876 9670745 9672925
2877 9672925 9674231
2878 9674231 9675567
2879 9675567 9679485
2880 9679485 9680060
2881 9680060 9686553
2882 9686553 9689150
2883 9689150 9692845
2884 9692845 9693688
2885 9693688 9694982
2886 9694982 9697422
2887 9697422 9698134
2888 9698134 9698945
2889 9698945 9703985
2890 9703985 9704776
2891 9704776 9708035
2892 9708035 9708831
2893 9708831 9715077
2894 9715077 9721465
2895 9721465 9727231
2896 9727231 9738008
2897 9738008 9739621
2898 9739621 9741799
2899 9741799 9746140
2900 9746140 9752554
2901 9752554 9755631
2902 9755631 9761758
2903 9761758 9767866
2904 9767866 9769588
2905 9769588 9776089
2906 9776089 9782828
2907 9782828 9791891
2908 9791891 9793345
2909 9793345 9796284
2910 9796284 9798088
2911 9798088 9801468
2912 9801468 9807510
2913 9807510 9814332
2914 9814332 9820664
2915 9820664 9827118
2916 9827118 9836847
2917 9836847 9846617
2918 9846617 9847827
2919 9847827 9848570
2920 9848570 9849746
2921 9849746 9853572
2922 9853572 9854270
2923 9854270 9859826
2924 9859826 9861247
2925 9861247 9864057
2926 9864057 9866404
2927 9866404 9871961
2928 9871961 9884208
2929 9884208 9886834
2930 9886834 9912949
2931 9912949 9916689
2932 9916689 9920754
2933 9920754 9933214
2934 9933214 9937645
2935 9937645 9941566
2936 9941566 9956247
2937 9956247 9968550
2938 9968550 9972255
2939 9972255 9973921
2940 9973921 9983053
2941 9983053 9984886
2942 9984886 9985628
2943 9985628 9988889
2944 9988889 9991775
2945 9991775 9997624
2946 9997624 10007272
2947 10007272 10011345
2948 10011345 10012509
2949 10012509 10014324
2950 10014324 10019854
2951 10019854 10024481
2952 10024481 10029054
2953 10029054 10033478
2954 10033478 10035366
2955 10035366 10039766
2956 10039766 10043471
2957 10043471 10049665
2958 10049665 10053886
2959 10053886 10055021
2960 10055021 10055785
2961 10055785 10064659
2962 10064659 10068643
2963 10068643 10075680
2964 10075680 10077222
2965 10077222 10079730
2966 10079730 10080847
2967 10080847 10081902
2968 10081902 10082948
2969 10082948 10088305
2970 10088305 10099334
2971 10099334 10100111
2972 10100111 10100807
2973 10100807 10104855
2974 10104855 10114975
2975 10114975 10116314
2976 10116314 10119454
2977 10119454 10120336
2978 10120336 10121049
2979 10121049 10121706
2980 10121706 10122724
2981 10122724 10123480
2982 10123480 10125263
2983 10125263 10137592
2984 10137592 10141949
2985 10141949 10153171
2986 10153171 10156812
2987 10156812 10160528
2988 10160528 10162563
2989 10162563 10165814
2990 10165814 10168710
2991 10168710 10176322
2992 10176322 10176767
2993 10176767 10177314
2994 10177314 10188609
2995 10188609 10193135
2996 10193135 10196846
2997 10196846 10205907
2998 10205907 10209349
2999 10209349 10211435
3000 10211435 10213471
3001 10213471 10220637
3002 10220637 10227136
3003 10227136 10230861
3004 10230861 10233142
3005 10233142 10248146
3006 10248146 10254595
3007 10254595 10255958
3008 10255958 10257968
3009 10257968 10260940
3010 10260940 10263559
3011 10263559 10265730
3012 10265730 10267353
3013 10267353 10268128
3014 10268128 10269553
3015 10269553 10270322
3016 10270322 10270743
3017 10270743 10274765
3018 10274765 10278724
3019 10278724 10281821
3020 10281821 10286020
3021 10286020 10293662
3022 10293662 10295052
3023 10295052 10300413
3024 10300413 10301620
3025 10301620 10302583
3026 10302583 10304476
3027 10304476 10306930
3028 10306930 10312461
3029 10312461 10315006
3030 10315006 10323141
3031 10323141 10325646
3032 10325646 10326596
3033 10326596 10327477
3034 10327477 10329154
3035 10329154 10331427
3036 10331427 10338748
3037 10338748 10340423
3038 10340423 10345226
3039 10345226 10347717
3040 10347717 10351389
3041 10351389 10354116
3042 10354116 10361119
3043 10361119 10363457
3044 10363457 10366514
3045 10366514 10371153
3046 10371153 10374072
3047 10374072 10376012
3048 10376012 10377321
3049 10377321 10382093
3050 10382093 10383762
3051 10383762 10384800
3052 10384800 10386437
3053 10386437 10388272
3054 10388272 10392916
3055 10392916 10394624
3056 10394624 10397344
3057 10397344 10399256
3058 10399256 10401925
3059 10401925 10411050
3060 10411050 10414636
3061 10414636 10420829
3062 10420829 10424233
3063 10424233 10427224
3064 10427224 10435141
3065 10435141 10436910
3066 10436910 10439146
3067 10439146 10440828
3068 10440828 10441826
3069 10441826 10444249
3070 10444249 10445963
3071 10445963 10447779
3072 10447779 10462893
3073 10462893 10470315
3074 10470315 10473493
3075 10473493 10475203
3076 10475203 10476649
3077 10476649 10484372
3078 10484372 10486399
3079 10486399 10488548
3080 10488548 10490367
3081 10490367 10492088
3082 10492088 10494200
3083 10494200 10495392
3084 10495392 10498761
3085 10498761 10502481
3086 10502481 10508867
3087 10508867 10510384
3088 10510384 10513098
3089 10513098 10515221
3090 10515221 10518359
3091 10518359 10519991
3092 10519991 10528535
3093 10528535 10532068
3094 10532068 10535488
3095 10535488 10536883
3096 10536883 10544828
3097 10544828 10553057
3098 10553057 10561723
3099 10561723 10567438
3100 10567438 10574886
3101 10574886 10581997
3102 10581997 10587517
3103 10587517 10589341
3104 10589341 10595794
3105 10595794 10604859
3106 10604859 10608752
3107 10608752 10613374
3108 10613374 10616130
3109 10616130 10618556
3110 10618556 10622446
3111 10622446 10627284
3112 10627284 10631575
3113 10631575 10634851
3114 10634851 10641932
3115 10641932 10650536
3116 10650536 10659053
3117 10659053 10661878
3118 10661878 10662552
3119 10662552 10666770
3120 10666770 10674934
3121 10674934 10683299
3122 10683299 10688735
3123 10688735 10691176
3124 10691176 10698802
3125 10698802 10705472
3126 10705472 10708962
3127 10708962 10711889
3128 10711889 10712976
3129 10712976 10716057
3130 10716057 10726685
3131 10726685 10734276
3132 10734276 10741920
3133 10741920 10742988
3134 10742988 10745984
3135 10745984 10754039
3136 10754039 10761008
3137 10761008 10765097
3138 10765097 10766156
3139 10766156 10775763
3140 10775763 10785421
3141 10785421 10788154
3142 10788154 10791975
3143 10791975 10797693
3144 10797693 10812503
3145 10812503 10815575
3146 10815575 10820058
3147 10820058 10827977
3148 10827977 10834503
3149 10834503 10837037
3150 10837037 10840930
3151 10840930 10844758
3152 10844758 10846644
3153 10846644 10850057
3154 10850057 10855162
3155 10855162 10857429
3156 10857429 10858562
3157 10858562 10859952
3158 10859952 10863974
3159 10863974 10864991
3160 10864991 10868504
3161 10868504 10871831
3162 10871831 10875533
3163 10875533 10878836
3164 10878836 10881327
3165 10881327 10882340
3166 10882340 10883628
3167 10883628 10891721
3168 10891721 10898760
3169 10898760 10903270
3170 10903270 10910594
3171 10910594 10911616
3172 10911616 10914972
3173 10914972 10924069
3174 10924069 10926243
3175 10926243 10932565
3176 10932565 10938878
3177 10938878 10940047
3178 10940047 10940904
3179 10940904 10947731
3180 10947731 10951339
3181 10951339 10954046
3182 10954046 10955096
3183 10955096 10957940
3184 10957940 10960673
3185 10960673 10961950
3186 10961950 10963083
3187 10963083 10964091
3188 10964091 10965114
3189 10965114 10967501
3190 10967501 10969272
3191 10969272 10970452
3192 10970452 10971382
3193 10971382 10972543
3194 10972543 10973928
3195 10973928 10974954
3196 10974954 10976931
3197 10976931 10979584
3198 10979584 10980887
3199 10980887 10983657
3200 10983657 10986503
3201 10986503 10989530
3202 10989530 10990620
3203 10990620 10993193
3204 10993193 10997517
3205 10997517 11000877
3206 11000877 11006788
3207 11006788 11010117
3208 11010117 11011067
3209 11011067 11013424
3210 11013424 11018081
3211 11018081 11020423
3212 11020423 11021247
3213 11021247 11027082
3214 11027082 11028346
3215 11028346 11034391
3216 11034391 11035295
3217 11035295 11036943
3218 11036943 11037846
3219 11037846 11041150
3220 11041150 11047597
3221 11047597 11048453
3222 11048453 11051903
3223 11051903 11055970
3224 11055970 11057247
3225 11057247 11058358
3226 11058358 11060190
3227 11060190 11061755
3228 11061755 11064282
3229 11064282 11066808
3230 11066808 11068586
3231 11068586 11069995
3232 11069995 11072935
3233 11072935 11075402
3234 11075402 11077000
3235 11077000 11078891
3236 11078891 11080002
3237 11080002 11080983
3238 11080983 11084377
3239 11084377 11086365
3240 11086365 11088324
3241 11088324 11090578
3242 11090578 11092562
3243 11092562 11095716
3244 11095716 11097540
3245 11097540 11100767
3246 11100767 11104598
3247 11104598 11105145
3248 11105145 11106280
3249 11106280 11107120
3250 11107120 11109718
3251 11109718 11110805
3252 11110805 11113115
3253 11113115 11115007
3254 11115007 11116461
3255 11116461 11117215
3256 11117215 11118922
3257 11118922 11121490
3258 11121490 11123086
3259 11123086 11125402
3260 11125402 11127821
3261 11127821 11128918
3262 11128918 11131468
3263 11131468 11132924
3264 11132924 11137140
3265 11137140 11139279
3266 11139279 11141099
3267 11141099 11143378
3268 11143378 11143945
3269 11143945 11144805
3270 11144805 11147399
3271 11147399 11151668
3272 11151668 11155256
3273 11155256 11156190
3274 11156190 11160300
3275 11160300 11163844
3276 11163844 11165095
3277 11165095 11167520
3278 11167520 11170204
3279 11170204 11171535
3280 11171535 11177088
3281 11177088 11178364
3282 11178364 11180356
3283 11180356 11183056
3284 11183056 11185512
3285 11185512 11186764
3286 11186764 11187939
3287 11187939 11194795
3288 11194795 11198000
3289 11198000 11200632
3290 11200632 11205912
3291 11205912 11207865
3292 11207865 11210473
3293 11210473 11215286
3294 11215286 11220052
3295 11220052 11223178
3296 11223178 11230911
3297 11230911 11236762
3298 11236762 11240329
3299 11240329 11243711
3300 11243711 11246115
3301 11246115 11249648
3302 11249648 11251861
3303 11251861 11253939
3304 11253939 11263166
3305 11263166 11268614
3306 11268614 11276178
3307 11276178 11281658
3308 11281658 11286556
3309 11286556 11294862
3310 11294862 11306853
3311 11306853 11313224
3312 11313224 11314696
3313 11314696 11316593
3314 11316593 11317608
3315 11317608 11322947
3316 11322947 11325939
3317 11325939 11326649
3318 11326649 11330879
3319 11330879 11331734
3320 11331734 11334922
3321 11334922 11335695
3322 11335695 11336655
3323 11336655 11340923
3324 11340923 11344633
3325 11344633 11345948
3326 11345948 11347795
3327 11347795 11348983
3328 11348983 11350659
3329 11350659 11351577
3330 11351577 11354115
3331 11354115 11358539
3332 11358539 11363261
3333 11363261 11364411
3334 11364411 11366693
3335 11366693 11367689
3336 11367689 11369701
3337 11369701 11370634
3338 11370634 11371867
3339 11371867 11373390
3340 11373390 11373984
3341 11373984 11377989
3342 11377989 11379477
3343 11379477 11384328
3344 11384328 11386850
3345 11386850 11388956
3346 11388956 11391484
3347 11391484 11393763
3348 11393763 11397287
3349 11397287 11398999
3350 11398999 11400161
3351 11400161 11402807
3352 11402807 11404872
3353 11404872 11406807
3354 11406807 11411137
3355 11411137 11425773
3356 11425773 11427935
3357 11427935 11434560
3358 11434560 11448328
3359 11448328 11457427
3360 11457427 11461170
3361 11461170 11465814
3362 11465814 11469491
3363 11469491 11475200
3364 11475200 11476928
3365 11476928 11486061
3366 11486061 11490085
3367 11490085 11492014
3368 11492014 11501815
3369 11501815 11508339
3370 11508339 11510829
3371 11510829 11515395
3372 11515395 11522983
3373 11522983 11525106
3374 11525106 11528848
3375 11528848 11533198
3376 11533198 11534321
3377 11534321 11536572
3378 11536572 11542962
3379 11542962 11546580
3380 11546580 11553475
3381 11553475 11563692
3382 11563692 11565905
3383 11565905 11569615
3384 11569615 11571986
3385 11571986 11575729
3386 11575729 11578711
3387 11578711 11582520
3388 11582520 11584177
3389 11584177 11594351
3390 11594351 11596530
3391 11596530 11601552
3392 11601552 11604007
3393 11604007 11605556
3394 11605556 11613549
3395 11613549 11620379
3396 11620379 11624867
3397 11624867 11634520
3398 11634520 11640968
3399 11640968 11646741
3400 11646741 11649654
3401 11649654 11655372
3402 11655372 11665858
3403 11665858 11670209
3404 11670209 11676410
3405 11676410 11681085
3406 11681085 11683397
3407 11683397 11686864
3408 11686864 11695806
3409 11695806 11697649
3410 11697649 11703427
3411 11703427 11707512
3412 11707512 11711602
3413 11711602 11714250
3414 11714250 11714654
3415 11714654 11716547
3416 11716547 11723987
3417 11723987 11728473
3418 11728473 11730939
3419 11730939 11732719
3420 11732719 11735843
3421 11735843 11739406
3422 11739406 11742235
3423 11742235 11747511
3424 11747511 11748724
3425 11748724 11749923
3426 11749923 11753074
3427 11753074 11760732
3428 11760732 11768423
3429 11768423 11769649
3430 11769649 11775722
3431 11775722 11777451
3432 11777451 11779817
3433 11779817 11784692
3434 11784692 11786452
3435 11786452 11789846
3436 11789846 11791810
3437 11791810 11793018
3438 11793018 11795696
3439 11795696 11796403
3440 11796403 11799240
3441 11799240 11804487
3442 11804487 11804710
3443 11804710 11806403
3444 11806403 11809274
3445 11809274 11813473
3446 11813473 11814761
3447 11814761 11815909
3448 11815909 11817564
3449 11817564 11818783
3450 11818783 11820482
3451 11820482 11821343
3452 11821343 11822245
3453 11822245 11826109
3454 11826109 11826976
3455 11826976 11830127
3456 11830127 11838009
3457 11838009 11840593
3458 11840593 11842136
3459 11842136 11845334
3460 11845334 11846529
3461 11846529 11849265
3462 11849265 11851653
3463 11851653 11853036
3464 11853036 11854102
3465 11854102 11857811
3466 11857811 11860920
3467 11860920 11862421
3468 11862421 11870811
3469 11870811 11872311
3470 11872311 11874404
3471 11874404 11875397
3472 11875397 11877100
3473 11877100 11878762
3474 11878762 11879713
3475 11879713 11882177
3476 11882177 11891860
3477 11891860 11895856
3478 11895856 11896068
3479 11896068 11896280
3480 11896280 11896513
3481 11896513 11896737
3482 11896737 11896934
3483 11896934 11897172
3484 11897172 11897409
3485 11897409 11897646
3486 11897646 11897882
3487 11897882 11898121
3488 11898121 11898351
3489 11898351 11898563
3490 11898563 11898758
3491 11898758 11898958
3492 11898958 11899180
3493 11899180 11899399
3494 11899399 11899640
3495 11899640 11899856
3496 11899856 11900053
3497 11900053 11900256
3498 11900256 11900474
3499 11900474 11900686
3500 11900686 11900918
3501 11900918 11901151
3502 11901151 11901388
3503 11901388 11901621
3504 11901621 11901818
3505 11901818 11902043
3506 11902043 11902282
3507 11902282 11902501
3508 11902501 11902738
3509 11902738 11902950
3510 11902950 11903181
3511 11903181 11903417
3512 11903417 11903650
3513 11903650 11903890
3514 11903890 11904106
3515 11904106 11904349
3516 11904349 11904584
3517 11904584 11904822
3518 11904822 11905061
3519 11905061 11905294
3520 11905294 11905525
3521 11905525 11905751
3522 11905751 11905969
3523 11905969 11906172
3524 11906172 11906410
3525 11906410 11906640
3526 11906640 11906846
3527 11906846 11907037
3528 11907037 11912736
3529 11912736 11915319
3530 11915319 11923932
3531 11923932 11931368
3532 11931368 11933818
3533 11933818 11935312
3534 11935312 11936986
3535 11936986 11939693
3536 11939693 11942308
3537 11942308 11944594
3538 11944594 11947691
3539 11947691 11949794
3540 11949794 11952815
3541 11952815 11959804
3542 11959804 11966199
3543 11966199 11973126
3544 11973126 11979932
3545 11979932 11983910
3546 11983910 11992069
3547 11992069 11999889
3548 11999889 12003039
3549 12003039 12004872
3550 12004872 12007889
3551 12007889 12009538
3552 12009538 12012597
3553 12012597 12016067
3554 12016067 12017961
3555 12017961 12019522
3556 12019522 12024327
3557 12024327 12026105
3558 12026105 12027657
3559 12027657 12030155
3560 12030155 12033804
3561 12033804 12035901
3562 12035901 12037393
3563 12037393 12040238
3564 12040238 12048089
3565 12048089 12051455
3566 12051455 12055114
3567 12055114 12064022
3568 12064022 12067789
3569 12067789 12070647
3570 12070647 12072882
3571 12072882 12076483
3572 12076483 12080011
3573 12080011 12082115
3574 12082115 12083748
3575 12083748 12085575
3576 12085575 12091968
3577 12091968 12095200
3578 12095200 12097468
3579 12097468 12099361
3580 12099361 12102816
3581 12102816 12108353
3582 12108353 12110391
3583 12110391 12114574
3584 12114574 12117321
3585 12117321 12121111
3586 12121111 12122890
3587 12122890 12124460
3588 12124460 12126039
3589 12126039 12127690
3590 12127690 12131371
3591 12131371 12134137
3592 12134137 12138130
3593 12138130 12140542
3594 12140542 12142968
3595 12142968 12145588
3596 12145588 12147991
3597 12147991 12150556
3598 12150556 12173840
3599 12173840 12177085
3600 12177085 12180732
3601 12180732 12187081
3602 12187081 12190199
3603 12190199 12193525
3604 12193525 12196964
3605 12196964 12202230
3606 12202230 12203871
3607 12203871 12206489
3608 12206489 12209937
3609 12209937 12212416
3610 12212416 12213523
3611 12213523 12215913
3612 12215913 12221023
3613 12221023 12225277
3614 12225277 12228322
3615 12228322 12232126
3616 12232126 12234792
3617 12234792 12240239
3618 12240239 12242793
3619 12242793 12246609
3620 12246609 12247735
3621 12247735 12253076
3622 12253076 12254545
3623 12254545 12255786
3624 12255786 12257857
3625 12257857 12265327
3626 12265327 12268683
3627 12268683 12271247
3628 12271247 12272311
3629 12272311 12273431
3630 12273431 12275626
3631 12275626 12277592
3632 12277592 12284316
3633 12284316 12290557
3634 12290557 12294219
3635 12294219 12294884
3636 12294884 12296755
3637 12296755 12299870
3638 12299870 12301162
3639 12301162 12303497
3640 12303497 12304644
3641 12304644 12308158
3642 12308158 12312304
3643 12312304 12316666
3644 12316666 12322988
3645 12322988 12326777
3646 12326777 12327523
3647 12327523 12331834
3648 12331834 12335949
3649 12335949 12336520
3650 12336520 12337553
3651 12337553 12339171
3652 12339171 12342860
3653 12342860 12346483
3654 12346483 12351321
3655 12351321 12354053
3656 12354053 12356166
3657 12356166 12359331
3658 12359331 12360167
3659 12360167 12367383
3660 12367383 12368364
3661 12368364 12371546
3662 12371546 12373965
3663 12373965 12376673
3664 12376673 12380113
3665 12380113 12382697
3666 12382697 12386802
3667 12386802 12388878
3668 12388878 12390774
3669 12390774 12395244
3670 12395244 12396701
3671 12396701 12401160
3672 12401160 12405076
3673 12405076 12410791
3674 12410791 12417490
3675 12417490 12422055
3676 12422055 12423890
3677 12423890 12425194
3678 12425194 12428077
3679 12428077 12434555
3680 12434555 12437128
3681 12437128 12440610
3682 12440610 12443357
3683 12443357 12445668
3684 12445668 12456202
3685 12456202 12457000
3686 12457000 12466150
3687 12466150 12472998
3688 12472998 12475237
3689 12475237 12477792
3690 12477792 12480217
3691 12480217 12482621
3692 12482621 12484002
3693 12484002 12485172
3694 12485172 12488152
3695 12488152 12498358
3696 12498358 12499669
3697 12499669 12503672
3698 12503672 12504831
3699 12504831 12505322
3700 12505322 12516152
3701 12516152 12518022
3702 12518022 12521420
3703 12521420 12524797
3704 12524797 12528414
3705 12528414 12538141
3706 12538141 12540360
3707 12540360 12541506
3708 12541506 12542321
3709 12542321 12543410
3710 12543410 12545277
3711 12545277 12553833
3712 12553833 12557323
3713 12557323 12563703
3714 12563703 12568552
3715 12568552 12574197
3716 12574197 12575938
3717 12575938 12581333
3718 12581333 12583059
3719 12583059 12584804
3720 12584804 12591641
3721 12591641 12594460
3722 12594460 12595991
3723 12595991 12598092
3724 12598092 12600707
3725 12600707 12603319
3726 12603319 12607134
3727 12607134 12616822
3728 12616822 12618877
3729 12618877 12620766
3730 12620766 12623447
3731 12623447 12626670
3732 12626670 12636244
3733 12636244 12639742
3734 12639742 12648156
3735 12648156 12650329
3736 12650329 12652091
3737 12652091 12653192
3738 12653192 12654706
3739 12654706 12655797
3740 12655797 12657201
3741 12657201 12662597
3742 12662597 12667625
3743 12667625 12669812
3744 12669812 12671586
3745 12671586 12675638
3746 12675638 12677993
3747 12677993 12680285
3748 12680285 12687991
3749 12687991 12689342
3750 12689342 12690852
3751 12690852 12695167
3752 12695167 12696466
3753 12696466 12697733
3754 12697733 12699454
3755 12699454 12704673
3756 12704673 12707231
3757 12707231 12708639
3758 12708639 12711856
3759 12711856 12722822
3760 12722822 12726686
3761 12726686 12736297
3762 12736297 12740117
3763 12740117 12741718
3764 12741718 12743866
3765 12743866 12750933
3766 12750933 12752832
3767 12752832 12760229
3768 12760229 12763650
3769 12763650 12765604
3770 12765604 12778526
3771 12778526 12783812
3772 12783812 12788523
3773 12788523 12789933
3774 12789933 12792441
3775 12792441 12794796
3776 12794796 12796983
3777 12796983 12800623
3778 12800623 12802037
3779 12802037 12813116
3780 12813116 12814319
3781 12814319 12815024
3782 12815024 12819817
3783 12819817 12821891
3784 12821891 12823219
3785 12823219 12824154
3786 12824154 12831600
3787 12831600 12834749
3788 12834749 12836677
3789 12836677 12839588
3790 12839588 12840592
3791 12840592 12841946
3792 12841946 12843335
3793 12843335 12843896
3794 12843896 12847901
3795 12847901 12852555
3796 12852555 12857546
3797 12857546 12860824
3798 12860824 12863068
3799 12863068 12863961
3800 12863961 12864780
3801 12864780 12866058
3802 12866058 12871776
3803 12871776 12873400
3804 12873400 12874201
3805 12874201 12875919
3806 12875919 12888931
3807 12888931 12889518
3808 12889518 12891393
3809 12891393 12893898
3810 12893898 12896254
3811 12896254 12898975
3812 12898975 12900658
3813 12900658 12901313
3814 12901313 12903507
3815 12903507 12905737
3816 12905737 12907971
3817 12907971 12910328
3818 12910328 12912497
3819 12912497 12913012
3820 12913012 12915474
3821 12915474 12916741
3822 12916741 12919876
3823 12919876 12921469
3824 12921469 12922209
3825 12922209 12923287
3826 12923287 12926013
3827 12926013 12926771
3828 12926771 12932754
3829 12932754 12936113
3830 12936113 12945089
3831 12945089 12949137
3832 12949137 12951211
3833 12951211 12954666
3834 12954666 12962287
3835 12962287 12964952
3836 12964952 12967714
3837 12967714 12977407
3838 12977407 12996777
3839 12996777 12999918
3840 12999918 13002696
3841 13002696 13008097
3842 13008097 13010383
3843 13010383 13014675
3844 13014675 13021296
3845 13021296 13022291
3846 13022291 13027205
3847 13027205 13035518
3848 13035518 13040898
3849 13040898 13047609
3850 13047609 13048564
3851 13048564 13052384
3852 13052384 13055368
3853 13055368 13058987
3854 13058987 13061562
3855 13061562 13065297
3856 13065297 13070018
3857 13070018 13079683
3858 13079683 13089355
3859 13089355 13100919
3860 13100919 13103107
3861 13103107 13107938
3862 13107938 13110991
3863 13110991 13112674
3864 13112674 13118495
3865 13118495 13120561
3866 13120561 13122519
3867 13122519 13130946
3868 13130946 13139776
3869 13139776 13142569
3870 13142569 13147097
3871 13147097 13150280
3872 13150280 13152259
3873 13152259 13162943
3874 13162943 13169260
3875 13169260 13174178
3876 13174178 13179519
3877 13179519 13180874
3878 13180874 13182765
3879 13182765 13186405
3880 13186405 13186636
3881 13186636 13190375
3882 13190375 13192943
3883 13192943 13200666
3884 13200666 13207706
3885 13207706 13214229
3886 13214229 13223066
3887 13223066 13226254
3888 13226254 13229102
3889 13229102 13230983
3890 13230983 13238081
3891 13238081 13241530
3892 13241530 13244218
3893 13244218 13245418
3894 13245418 13257092
3895 13257092 13267970
3896 13267970 13277909
3897 13277909 13284883
3898 13284883 13293857
3899 13293857 13296187
3900 13296187 13296744
3901 13296744 13299556
3902 13299556 13300216
3903 13300216 13306626
3904 13306626 13310963
3905 13310963 13313322
3906 13313322 13322552
3907 13322552 13329110
3908 13329110 13330709
3909 13330709 13338160
3910 13338160 13340930
3911 13340930 13348651
3912 13348651 13353163
3913 13353163 13356140
3914 13356140 13362487
3915 13362487 13371778
3916 13371778 13374789
3917 13374789 13379212
3918 13379212 13383147
3919 13383147 13384900
3920 13384900 13391455
3921 13391455 13396967
3922 13396967 13402238
3923 13402238 13410305
3924 13410305 13412180
3925 13412180 13415037
